8.310169134572620298e-01 5.268166724678840368e-02 5.268166724678840368e-02 5.268166724678840368e-02 1.742710783957224620e-03 1.742710783957224620e-03 1.742710783957224620e-03 1.742710783957224620e-03 1.742710783957224620e-03 1.742710783957224620e-03 4.015167488578194599e-05 4.015167488578194599e-05 4.015167488578192566e-05 4.015167488578194599e-05 4.015167488578194599e-05 4.015167488578194599e-05 4.015167488578194599e-05 4.015167488578196632e-05 4.015167488578195277e-05 4.015167488578195954e-05 4.015167488578193922e-05 4.015167488578194599e-05
1.432036187698709773e-01 7.404954769081003585e-01 4.736921569330137562e-03 4.736921569330137562e-03 4.969422135474912267e-02 4.969422135474912267e-02 1.056323780772029078e-04 1.056323780772029078e-04 1.056323780772029349e-04 1.056323780772029349e-04 1.750378182139067634e-03 1.750378182139067850e-03 1.750378182139067200e-03 1.750378182139067850e-03 1.822029125642919149e-06 1.822029125642919149e-06 1.822029125642919149e-06 1.822029125642919785e-06 1.822029125642919785e-06 1.822029125642920208e-06 1.822029125642919149e-06 1.822029125642919573e-06
1.432036187698709773e-01 4.736921569330138429e-03 7.404954769081002475e-01 4.736921569330137562e-03 1.056323780772029078e-04 1.056323780772029078e-04 4.969422135474912267e-02 4.969422135474912267e-02 1.056323780772029078e-04 1.056323780772029078e-04 1.822029125642918726e-06 1.822029125642918938e-06 1.822029125642918302e-06 1.822029125642918726e-06 1.750378182139067850e-03 1.750378182139068284e-03 1.750378182139067850e-03 1.750378182139068718e-03 1.822029125642918938e-06 1.822029125642918726e-06 1.822029125642917667e-06 1.822029125642918302e-06
1.432036187698710050e-01 4.736921569330138429e-03 4.736921569330137562e-03 7.404954769081003585e-01 1.056323780772029213e-04 1.056323780772029213e-04 1.056323780772029213e-04 1.056323780772029213e-04 4.969422135474912960e-02 4.969422135474912960e-02 1.822029125642918726e-06 1.822029125642919149e-06 1.822029125642918726e-06 1.822029125642919149e-06 1.822029125642918726e-06 1.822029125642919149e-06 1.822029125642919149e-06 1.822029125642919573e-06 1.750378182139068501e-03 1.750378182139068935e-03 1.750378182139067850e-03 1.750378182139068284e-03
1.287698774687134375e-02 1.350828988880359571e-01 2.871385738241763138e-04 2.871385738241763138e-04 7.407184147412028130e-01 4.555925521486444904e-03 4.824045182957369677e-06 4.824045182957369677e-06 4.824045182957369677e-06 4.824045182957369677e-06 5.297981843545188085e-02 5.297981843545188779e-02 1.060157153511413129e-04 1.060157153511413400e-04 6.643405213616199007e-08 6.643405213616200331e-08 6.643405213616199007e-08 6.643405213616200331e-08 6.643405213616201654e-08 6.643405213616202978e-08 6.643405213616200331e-08 6.643405213616201654e-08
1.287698774687134201e-02 1.350828988880359571e-01 2.871385738241762596e-04 2.871385738241762596e-04 4.555925521486444904e-03 7.407184147412027020e-01 4.824045182957369677e-06 4.824045182957369677e-06 4.824045182957369677e-06 4.824045182957369677e-06 1.060157153511413265e-04 1.060157153511413536e-04 5.297981843545187391e-02 5.297981843545188779e-02 6.643405213616197684e-08 6.643405213616199007e-08 6.643405213616197684e-08 6.643405213616199007e-08 6.643405213616200331e-08 6.643405213616201654e-08 6.643405213616199007e-08 6.643405213616200331e-08
1.287698774687134201e-02 2.871385738241763138e-04 1.350828988880359294e-01 2.871385738241762054e-04 4.824045182957368830e-06 4.824045182957368830e-06 7.407184147412028130e-01 4.555925521486444037e-03 4.824045182957367983e-06 4.824045182957367983e-06 6.643405213616195037e-08 6.643405213616195037e-08 6.643405213616195037e-08 6.643405213616195037e-08 5.297981843545188779e-02 5.297981843545190167e-02 1.060157153511413536e-04 1.060157153511414078e-04 6.643405213616197684e-08 6.643405213616197684e-08 6.643405213616196360e-08 6.643405213616197684e-08
1.287698774687134201e-02 2.871385738241763138e-04 1.350828988880359571e-01 2.871385738241762054e-04 4.824045182957367983e-06 4.824045182957367983e-06 4.555925521486444904e-03 7.407184147412028130e-01 4.824045182957367136e-06 4.824045182957367136e-06 6.643405213616193713e-08 6.643405213616193713e-08 6.643405213616193713e-08 6.643405213616193713e-08 1.060157153511413671e-04 1.060157153511413942e-04 5.297981843545188085e-02 5.297981843545190861e-02 6.643405213616195037e-08 6.643405213616197684e-08 6.643405213616195037e-08 6.643405213616195037e-08
1.287698774687134375e-02 2.871385738241764222e-04 2.871385738241762596e-04 1.350828988880359571e-01 4.824045182957369677e-06 4.824045182957369677e-06 4.824045182957368830e-06 4.824045182957368830e-06 7.407184147412027020e-01 4.555925521486444904e-03 6.643405213616196360e-08 6.643405213616197684e-08 6.643405213616196360e-08 6.643405213616197684e-08 6.643405213616197684e-08 6.643405213616197684e-08 6.643405213616197684e-08 6.643405213616197684e-08 5.297981843545190167e-02 5.297981843545191555e-02 1.060157153511413807e-04 1.060157153511414078e-04
1.287698774687134375e-02 2.871385738241764222e-04 2.871385738241762596e-04 1.350828988880359571e-01 4.824045182957368830e-06 4.824045182957369677e-06 4.824045182957368830e-06 4.824045182957368830e-06 4.555925521486444037e-03 7.407184147412027020e-01 6.643405213616196360e-08 6.643405213616197684e-08 6.643405213616196360e-08 6.643405213616197684e-08 6.643405213616197684e-08 6.643405213616197684e-08 6.643405213616197684e-08 6.643405213616197684e-08 1.060157153511413671e-04 1.060157153511413942e-04 5.297981843545189473e-02 5.297981843545190167e-02
8.064679484461996723e-04 1.293364258216981970e-02 1.346307542326108626e-05 1.346307542326108796e-05 1.440140777281483375e-01 2.881805925700941444e-04 1.805864767126297622e-07 1.805864767126297622e-07 1.805864767126298416e-07 1.805864767126298416e-07 8.369529921739025102e-01 4.967038232764162987e-03 4.967873374461227742e-06 4.967873374461227742e-06 2.062312035712761012e-09 2.062312035712761012e-09 2.062312035712761012e-09 2.062312035712761012e-09 2.062312035712762253e-09 2.062312035712762253e-09 2.062312035712762253e-09 2.062312035712762667e-09
8.064679484461997807e-04 1.293364258216981970e-02 1.346307542326108965e-05 1.346307542326109134e-05 1.440140777281483653e-01 2.881805925700941986e-04 1.805864767126297886e-07 1.805864767126297886e-07 1.805864767126298680e-07 1.805864767126298680e-07 4.967038232764162987e-03 8.369529921739025102e-01 4.967873374461227742e-06 4.967873374461227742e-06 2.062312035712761426e-09 2.062312035712761426e-09 2.062312035712761426e-09 2.062312035712761426e-09 2.062312035712762253e-09 2.062312035712762253e-09 2.062312035712762253e-09 2.062312035712762667e-09
8.064679484461996723e-04 1.293364258216982317e-02 1.346307542326108626e-05 1.346307542326108796e-05 2.881805925700941444e-04 1.440140777281483653e-01 1.805864767126297622e-07 1.805864767126297622e-07 1.805864767126298416e-07 1.805864767126298416e-07 4.967873374461229436e-06 4.967873374461230283e-06 8.369529921739026213e-01 4.967038232764163855e-03 2.062312035712761012e-09 2.062312035712761012e-09 2.062312035712761012e-09 2.062312035712761012e-09 2.062312035712762253e-09 2.062312035712762667e-09 2.062312035712762253e-09 2.062312035712762667e-09
8.064679484461996723e-04 1.293364258216982143e-02 1.346307542326108626e-05 1.346307542326108796e-05 2.881805925700941444e-04 1.440140777281483653e-01 1.805864767126297357e-07 1.805864767126297357e-07 1.805864767126298151e-07 1.805864767126298151e-07 4.967873374461229436e-06 4.967873374461230283e-06 4.967038232764162987e-03 8.369529921739026213e-01 2.062312035712761012e-09 2.062312035712761426e-09 2.062312035712761426e-09 2.062312035712761426e-09 2.062312035712762253e-09 2.062312035712762253e-09 2.062312035712762253e-09 2.062312035712762667e-09
8.064679484462001060e-04 1.346307542326109473e-05 1.293364258216982143e-02 1.346307542326108287e-05 1.805864767126298151e-07 1.805864767126298680e-07 1.440140777281483653e-01 2.881805925700942528e-04 1.805864767126297886e-07 1.805864767126297622e-07 2.062312035712758117e-09 2.062312035712757704e-09 2.062312035712758117e-09 2.062312035712758531e-09 8.369529921739027323e-01 4.967038232764163855e-03 4.967873374461231977e-06 4.967873374461232824e-06 2.062312035712760599e-09 2.062312035712761012e-09 2.062312035712760599e-09 2.062312035712761012e-09
8.064679484462001060e-04 1.346307542326109304e-05 1.293364258216981970e-02 1.346307542326108287e-05 1.805864767126297886e-07 1.805864767126298416e-07 1.440140777281483375e-01 2.881805925700941986e-04 1.805864767126297886e-07 1.805864767126297622e-07 2.062312035712758117e-09 2.062312035712757704e-09 2.062312035712758117e-09 2.062312035712758531e-09 4.967038232764162987e-03 8.369529921739026213e-01 4.967873374461231977e-06 4.967873374461231977e-06 2.062312035712760599e-09 2.062312035712760599e-09 2.062312035712760599e-09 2.062312035712760599e-09
8.064679484462001060e-04 1.346307542326109643e-05 1.293364258216982143e-02 1.346307542326108457e-05 1.805864767126297886e-07 1.805864767126298416e-07 2.881805925700941986e-04 1.440140777281483653e-01 1.805864767126297357e-07 1.805864767126297092e-07 2.062312035712758117e-09 2.062312035712757704e-09 2.062312035712758117e-09 2.062312035712758531e-09 4.967873374461231977e-06 4.967873374461231977e-06 8.369529921739026213e-01 4.967038232764163855e-03 2.062312035712760599e-09 2.062312035712760599e-09 2.062312035712760599e-09 2.062312035712761012e-09
8.064679484461999975e-04 1.346307542326109643e-05 1.293364258216982143e-02 1.346307542326108457e-05 1.805864767126297622e-07 1.805864767126298151e-07 2.881805925700942528e-04 1.440140777281483653e-01 1.805864767126297092e-07 1.805864767126297092e-07 2.062312035712758117e-09 2.062312035712757704e-09 2.062312035712758117e-09 2.062312035712758531e-09 4.967873374461231130e-06 4.967873374461231130e-06 4.967038232764162987e-03 8.369529921739026213e-01 2.062312035712760185e-09 2.062312035712760599e-09 2.062312035712760185e-09 2.062312035712760599e-09
8.064679484462003228e-04 1.346307542326109643e-05 1.346307542326108457e-05 1.293364258216982317e-02 1.805864767126299210e-07 1.805864767126300533e-07 1.805864767126298416e-07 1.805864767126298416e-07 1.440140777281483653e-01 2.881805925700942528e-04 2.062312035712760599e-09 2.062312035712760185e-09 2.062312035712760599e-09 2.062312035712761426e-09 2.062312035712761012e-09 2.062312035712761012e-09 2.062312035712761426e-09 2.062312035712761426e-09 8.369529921739027323e-01 4.967038232764162987e-03 4.967873374461233671e-06 4.967873374461235365e-06
8.064679484462003228e-04 1.346307542326109643e-05 1.346307542326108457e-05 1.293364258216982317e-02 1.805864767126298945e-07 1.805864767126300533e-07 1.805864767126298416e-07 1.805864767126298416e-07 1.440140777281483375e-01 2.881805925700941986e-04 2.062312035712760185e-09 2.062312035712759771e-09 2.062312035712760185e-09 2.062312035712761012e-09 2.062312035712760599e-09 2.062312035712760599e-09 2.062312035712761012e-09 2.062312035712761012e-09 4.967038232764162120e-03 8.369529921739026213e-01 4.967873374461232824e-06 4.967873374461234518e-06
8.064679484462006481e-04 1.346307542326109812e-05 1.346307542326108796e-05 1.293364258216982490e-02 1.805864767126299739e-07 1.805864767126300269e-07 1.805864767126298945e-07 1.805864767126298945e-07 2.881805925700942528e-04 1.440140777281483375e-01 2.062312035712760185e-09 2.062312035712760185e-09 2.062312035712760185e-09 2.062312035712761012e-09 2.062312035712761012e-09 2.062312035712760599e-09 2.062312035712761012e-09 2.062312035712761012e-09 4.967873374461232824e-06 4.967873374461234518e-06 8.369529921739027323e-01 4.967038232764162987e-03
8.064679484462006481e-04 1.346307542326109812e-05 1.346307542326108796e-05 1.293364258216982317e-02 1.805864767126299474e-07 1.805864767126300004e-07 1.805864767126298945e-07 1.805864767126298945e-07 2.881805925700942528e-04 1.440140777281483653e-01 2.062312035712760599e-09 2.062312035712760185e-09 2.062312035712760599e-09 2.062312035712761012e-09 2.062312035712761012e-09 2.062312035712760599e-09 2.062312035712761012e-09 2.062312035712761012e-09 4.967873374461232824e-06 4.967873374461234518e-06 4.967038232764162987e-03 8.369529921739027323e-01
